spawns: 
  default: 
    world: world
    x: 48.89328254270005
    y: 81.0
    z: -976.8433812290027
    yaw: 161.69977
    pitch: 73.65003
